10 10
40
39
84
53
97
44
72
70
50
85
30
88
71
95
6
86
97
60
87
79
89
89
25
63
34
48
23
97
30
61
16
0
37
24
96
69
87
15
23
61
3
25
20
17
62
38
22
15
17
93
74
15
6
31
92
23
76
50
9
54
99
40
38
24
89
43
81
78
39
100
76
15
36
87
2
45
49
15
59
73
48
47
66
65
35
88
9
44
65
15
66
15
38
15
17
32
75
65
80
16
80
79
81
90
75
84
53
46
84
100
96
85
91
75
72
29
51
89
17
34
43
66
32
92
29
3
64
33
19
70
66
32
61
85
46
23
31
41
12
73
8
99
24
2
91
46
75
18
39
93
31
62
81
2
95
18
84
43
71
14
6
41
6
97
83
21
94
76
51
13
20
86
14
12
55
5
63
28
35
87
25
82
93
79
92
8
97
10
39
93
28
43
76
55
7
0
96
100
49
20
